Running 1m test @ http://localhost:8080
  3 threads and 33 connections
  Thread calibration: mean lat.: 1.607ms, rate sampling interval: 10ms
  Thread calibration: mean lat.: 1.607ms, rate sampling interval: 10ms
  Thread calibration: mean lat.: 1.610ms, rate sampling interval: 10ms
  Thread Stats   Avg      Stdev     Max   +/- Stdev
    Latency     1.50ms  807.90us  22.40ms   72.93%
    Req/Sec     3.51k   308.18    10.10k    78.02%
  Latency Distribution (HdrHistogram - Recorded Latency)
 50.000%    1.37ms
 75.000%    1.96ms
 90.000%    2.50ms
 99.000%    3.70ms
 99.900%    5.67ms
 99.990%   18.67ms
 99.999%   21.79ms
100.000%   22.42ms

  Detailed Percentile spectrum:
       Value   Percentile   TotalCount 1/(1-Percentile)

       0.121     0.000000            1         1.00
       0.629     0.100000        50138         1.11
       0.827     0.200000        99923         1.25
       1.000     0.300000       149876         1.43
       1.176     0.400000       199972         1.67
       1.374     0.500000       249944         2.00
       1.483     0.550000       274836         2.22
       1.596     0.600000       299851         2.50
       1.712     0.650000       324659         2.86
       1.833     0.700000       349600         3.33
       1.964     0.750000       374605         4.00
       2.035     0.775000       387148         4.44
       2.109     0.800000       399703         5.00
       2.191     0.825000       412263         5.71
       2.279     0.850000       424554         6.67
       2.381     0.875000       437221         8.00
       2.437     0.887500       443355         8.89
       2.499     0.900000       449646        10.00
       2.565     0.912500       455763        11.43
       2.641     0.925000       462026        13.33
       2.729     0.937500       468267        16.00
       2.781     0.943750       471434        17.78
       2.835     0.950000       474505        20.00
       2.899     0.956250       477640        22.86
       2.975     0.962500       480694        26.67
       3.081     0.968750       483812        32.00
       3.149     0.971875       485382        35.56
       3.221     0.975000       486934        40.00
       3.299     0.978125       488500        45.71
       3.387     0.981250       490071        53.33
       3.483     0.984375       491629        64.00
       3.533     0.985938       492387        71.11
       3.591     0.987500       493178        80.00
       3.655     0.989062       493942        91.43
       3.729     0.990625       494734       106.67
       3.815     0.992188       495507       128.00
       3.855     0.992969       495900       142.22
       3.901     0.993750       496291       160.00
       3.951     0.994531       496689       182.86
       4.009     0.995313       497072       213.33
       4.075     0.996094       497459       256.00
       4.119     0.996484       497653       284.44
       4.155     0.996875       497853       320.00
       4.203     0.997266       498040       365.71
       4.247     0.997656       498239       426.67
       4.319     0.998047       498435       512.00
       4.363     0.998242       498531       568.89
       4.415     0.998437       498630       640.00
       4.495     0.998633       498724       731.43
       4.731     0.998828       498819       853.33
       5.799     0.999023       498917      1024.00
       6.383     0.999121       498966      1137.78
       7.091     0.999219       499014      1280.00
       7.691     0.999316       499063      1462.86
       8.327     0.999414       499112      1706.67
       8.935     0.999512       499161      2048.00
       9.479     0.999561       499185      2275.56
       9.967     0.999609       499209      2560.00
      10.687     0.999658       499234      2925.71
      11.927     0.999707       499258      3413.33
      13.479     0.999756       499283      4096.00
      14.615     0.999780       499295      4551.11
      15.007     0.999805       499307      5120.00
      16.127     0.999829       499320      5851.43
      16.975     0.999854       499331      6826.67
      17.743     0.999878       499344      8192.00
      18.015     0.999890       499350      9102.22
      18.799     0.999902       499356     10240.00
      19.039     0.999915       499362     11702.86
      19.327     0.999927       499368     13653.33
      19.743     0.999939       499374     16384.00
      20.191     0.999945       499377     18204.44
      20.303     0.999951       499380     20480.00
      20.479     0.999957       499383     23405.71
      21.023     0.999963       499386     27306.67
      21.247     0.999969       499389     32768.00
      21.375     0.999973       499392     36408.89
      21.375     0.999976       499392     40960.00
      21.487     0.999979       499394     46811.43
      21.631     0.999982       499395     54613.33
      21.711     0.999985       499397     65536.00
      21.759     0.999986       499398     72817.78
      21.759     0.999988       499398     81920.00
      21.791     0.999989       499399     93622.86
      21.823     0.999991       499400    109226.67
      22.047     0.999992       499401    131072.00
      22.047     0.999993       499401    145635.56
      22.047     0.999994       499401    163840.00
      22.143     0.999995       499402    187245.71
      22.143     0.999995       499402    218453.33
      22.367     0.999996       499403    262144.00
      22.367     0.999997       499403    291271.11
      22.367     0.999997       499403    327680.00
      22.367     0.999997       499403    374491.43
      22.367     0.999998       499403    436906.67
      22.415     0.999998       499404    524288.00
      22.415     1.000000       499404          inf
#[Mean    =        1.500, StdDeviation   =        0.808]
#[Max     =       22.400, Total count    =       499404]
#[Buckets =           27, SubBuckets     =         2048]
----------------------------------------------------------
  599693 requests in 1.00m, 22.88MB read
Requests/sec:   9994.80
Transfer/sec:    390.42KB
