Running 10m test @ http://localhost:8080
  3 threads and 99 connections
  Thread calibration: mean lat.: 0.998ms, rate sampling interval: 10ms
  Thread calibration: mean lat.: 1.008ms, rate sampling interval: 10ms
  Thread calibration: mean lat.: 1.000ms, rate sampling interval: 10ms
  Thread Stats   Avg      Stdev     Max   +/- Stdev
    Latency     0.99ms  484.92us   7.97ms   65.89%
    Req/Sec     3.50k   296.26     5.55k    82.25%
  Latency Distribution (HdrHistogram - Recorded Latency)
 50.000%    0.94ms
 75.000%    1.30ms
 90.000%    1.68ms
 99.000%    2.16ms
 99.900%    2.43ms
 99.990%    2.86ms
 99.999%    5.66ms
100.000%    7.97ms

  Detailed Percentile spectrum:
       Value   Percentile   TotalCount 1/(1-Percentile)

       0.029     0.000000            1         1.00
       0.375     0.100000       590656         1.11
       0.541     0.200000      1182392         1.25
       0.682     0.300000      1772965         1.43
       0.814     0.400000      2361453         1.67
       0.945     0.500000      2952117         2.00
       1.011     0.550000      3247386         2.22
       1.078     0.600000      3542337         2.50
       1.146     0.650000      3835196         2.86
       1.217     0.700000      4129345         3.33
       1.296     0.750000      4424977         4.00
       1.341     0.775000      4571721         4.44
       1.393     0.800000      4719317         5.00
       1.454     0.825000      4868075         5.71
       1.522     0.850000      5014426         6.67
       1.597     0.875000      5161746         8.00
       1.636     0.887500      5234767         8.89
       1.678     0.900000      5309311        10.00
       1.721     0.912500      5382880        11.43
       1.767     0.925000      5456171        13.33
       1.816     0.937500      5529694        16.00
       1.843     0.943750      5567013        17.78
       1.871     0.950000      5603707        20.00
       1.902     0.956250      5641195        22.86
       1.935     0.962500      5678129        26.67
       1.972     0.968750      5714897        32.00
       1.992     0.971875      5732920        35.56
       2.014     0.975000      5751499        40.00
       2.038     0.978125      5769844        45.71
       2.065     0.981250      5788502        53.33
       2.095     0.984375      5806606        64.00
       2.111     0.985938      5815422        71.11
       2.131     0.987500      5825564        80.00
       2.149     0.989062      5833844        91.43
       2.173     0.990625      5843752       106.67
       2.197     0.992188      5852576       128.00
       2.211     0.992969      5857061       142.22
       2.227     0.993750      5861821       160.00
       2.243     0.994531      5866143       182.86
       2.263     0.995313      5871056       213.33
       2.283     0.996094      5875285       256.00
       2.297     0.996484      5877930       284.44
       2.309     0.996875      5879998       320.00
       2.323     0.997266      5882265       365.71
       2.341     0.997656      5884721       426.67
       2.359     0.998047      5886830       512.00
       2.371     0.998242      5888117       568.89
       2.383     0.998437      5889269       640.00
       2.397     0.998633      5890405       731.43
       2.411     0.998828      5891438       853.33
       2.429     0.999023      5892616      1024.00
       2.439     0.999121      5893169      1137.78
       2.451     0.999219      5893777      1280.00
       2.465     0.999316      5894373      1462.86
       2.479     0.999414      5894915      1706.67
       2.499     0.999512      5895506      2048.00
       2.509     0.999561      5895779      2275.56
       2.523     0.999609      5896062      2560.00
       2.537     0.999658      5896333      2925.71
       2.555     0.999707      5896631      3413.33
       2.577     0.999756      5896895      4096.00
       2.593     0.999780      5897042      4551.11
       2.615     0.999805      5897182      5120.00
       2.639     0.999829      5897317      5851.43
       2.677     0.999854      5897463      6826.67
       2.739     0.999878      5897605      8192.00
       2.803     0.999890      5897680      9102.22
       2.877     0.999902      5897749     10240.00
       2.997     0.999915      5897821     11702.86
       3.143     0.999927      5897893     13653.33
       3.393     0.999939      5897965     16384.00
       3.535     0.999945      5898001     18204.44
       3.739     0.999951      5898037     20480.00
       3.919     0.999957      5898073     23405.71
       4.131     0.999963      5898109     27306.67
       4.379     0.999969      5898145     32768.00
       4.583     0.999973      5898163     36408.89
       4.755     0.999976      5898183     40960.00
       4.895     0.999979      5898199     46811.43
       5.087     0.999982      5898217     54613.33
       5.271     0.999985      5898236     65536.00
       5.371     0.999986      5898244     72817.78
       5.475     0.999988      5898253     81920.00
       5.587     0.999989      5898263     93622.86
       5.751     0.999991      5898271    109226.67
       5.915     0.999992      5898280    131072.00
       6.091     0.999993      5898286    145635.56
       6.171     0.999994      5898289    163840.00
       6.423     0.999995      5898294    187245.71
       6.455     0.999995      5898298    218453.33
       6.655     0.999996      5898303    262144.00
       6.823     0.999997      5898305    291271.11
       6.931     0.999997      5898307    327680.00
       7.135     0.999997      5898310    374491.43
       7.155     0.999998      5898312    436906.67
       7.211     0.999998      5898314    524288.00
       7.247     0.999998      5898315    582542.22
       7.255     0.999998      5898316    655360.00
       7.439     0.999999      5898318    748982.86
       7.479     0.999999      5898319    873813.33
       7.535     0.999999      5898320   1048576.00
       7.535     0.999999      5898320   1165084.44
       7.559     0.999999      5898321   1310720.00
       7.671     0.999999      5898322   1497965.71
       7.671     0.999999      5898322   1747626.67
       7.863     1.000000      5898323   2097152.00
       7.863     1.000000      5898323   2330168.89
       7.863     1.000000      5898323   2621440.00
       7.963     1.000000      5898324   2995931.43
       7.963     1.000000      5898324   3495253.33
       7.963     1.000000      5898324   4194304.00
       7.963     1.000000      5898324   4660337.78
       7.963     1.000000      5898324   5242880.00
       7.971     1.000000      5898325   5991862.86
       7.971     1.000000      5898325          inf
#[Mean    =        0.985, StdDeviation   =        0.485]
#[Max     =        7.968, Total count    =      5898325]
#[Buckets =           27, SubBuckets     =         2048]
----------------------------------------------------------
  5999233 requests in 10.00m, 675.12MB read
Requests/sec:   9998.71
Transfer/sec:      1.13MB
