Running 10m test @ http://localhost:8080
  3 threads and 99 connections
  Thread calibration: mean lat.: 0.841ms, rate sampling interval: 10ms
  Thread calibration: mean lat.: 0.850ms, rate sampling interval: 10ms
  Thread calibration: mean lat.: 0.844ms, rate sampling interval: 10ms
  Thread Stats   Avg      Stdev     Max   +/- Stdev
    Latency     0.86ms  641.09us  30.19ms   89.32%
    Req/Sec     3.49k   308.37    14.22k    88.31%
  Latency Distribution (HdrHistogram - Recorded Latency)
 50.000%  828.00us
 75.000%    1.16ms
 90.000%    1.39ms
 99.000%    1.78ms
 99.900%    7.32ms
 99.990%   23.53ms
 99.999%   28.78ms
100.000%   30.21ms

  Detailed Percentile spectrum:
       Value   Percentile   TotalCount 1/(1-Percentile)

       0.020     0.000000            1         1.00
       0.294     0.100000       589957         1.11
       0.436     0.200000      1181202         1.25
       0.567     0.300000      1770260         1.43
       0.698     0.400000      2362660         1.67
       0.828     0.500000      2949589         2.00
       0.894     0.550000      3244743         2.22
       0.961     0.600000      3542438         2.50
       1.027     0.650000      3834309         2.86
       1.094     0.700000      4129214         3.33
       1.161     0.750000      4425879         4.00
       1.195     0.775000      4575014         4.44
       1.229     0.800000      4720917         5.00
       1.264     0.825000      4866888         5.71
       1.301     0.850000      5013796         6.67
       1.342     0.875000      5164233         8.00
       1.363     0.887500      5235361         8.89
       1.387     0.900000      5311022        10.00
       1.412     0.912500      5383366        11.43
       1.441     0.925000      5458096        13.33
       1.474     0.937500      5531570        16.00
       1.492     0.943750      5566799        17.78
       1.513     0.950000      5604334        20.00
       1.536     0.956250      5640373        22.86
       1.563     0.962500      5677482        26.67
       1.594     0.968750      5714029        32.00
       1.612     0.971875      5732906        35.56
       1.632     0.975000      5751699        40.00
       1.653     0.978125      5769490        45.71
       1.678     0.981250      5787903        53.33
       1.707     0.984375      5806343        64.00
       1.724     0.985938      5815662        71.11
       1.742     0.987500      5824687        80.00
       1.763     0.989062      5834047        91.43
       1.787     0.990625      5843239       106.67
       1.815     0.992188      5852271       128.00
       1.832     0.992969      5857063       142.22
       1.850     0.993750      5861554       160.00
       1.872     0.994531      5866169       182.86
       1.898     0.995313      5870741       213.33
       1.931     0.996094      5875328       256.00
       1.951     0.996484      5877649       284.44
       1.974     0.996875      5879921       320.00
       2.004     0.997266      5882266       365.71
       2.044     0.997656      5884544       426.67
       2.107     0.998047      5886872       512.00
       2.171     0.998242      5887989       568.89
       2.317     0.998437      5889133       640.00
       3.079     0.998633      5890283       731.43
       5.387     0.998828      5891433       853.33
       7.487     0.999023      5892587      1024.00
       8.399     0.999121      5893163      1137.78
       9.943     0.999219      5893736      1280.00
      11.191     0.999316      5894313      1462.86
      12.223     0.999414      5894888      1706.67
      14.063     0.999512      5895464      2048.00
      14.879     0.999561      5895752      2275.56
      15.943     0.999609      5896041      2560.00
      17.519     0.999658      5896331      2925.71
      18.575     0.999707      5896618      3413.33
      19.439     0.999756      5896908      4096.00
      19.839     0.999780      5897054      4551.11
      20.383     0.999805      5897194      5120.00
      21.103     0.999829      5897339      5851.43
      22.127     0.999854      5897481      6826.67
      22.927     0.999878      5897624      8192.00
      23.279     0.999890      5897696      9102.22
      23.599     0.999902      5897769     10240.00
      23.967     0.999915      5897840     11702.86
      24.447     0.999927      5897912     13653.33
      24.863     0.999939      5897985     16384.00
      25.055     0.999945      5898020     18204.44
      25.391     0.999951      5898056     20480.00
      25.727     0.999957      5898093     23405.71
      26.159     0.999963      5898128     27306.67
      27.375     0.999969      5898166     32768.00
      27.519     0.999973      5898182     36408.89
      27.791     0.999976      5898200     40960.00
      28.063     0.999979      5898219     46811.43
      28.207     0.999982      5898236     54613.33
      28.431     0.999985      5898256     65536.00
      28.511     0.999986      5898263     72817.78
      28.623     0.999988      5898273     81920.00
      28.703     0.999989      5898281     93622.86
      28.831     0.999991      5898290    109226.67
      28.895     0.999992      5898299    131072.00
      28.927     0.999993      5898304    145635.56
      28.959     0.999994      5898308    163840.00
      29.087     0.999995      5898313    187245.71
      29.135     0.999995      5898319    218453.33
      29.263     0.999996      5898322    262144.00
      29.279     0.999997      5898325    291271.11
      29.295     0.999997      5898326    327680.00
      29.375     0.999997      5898329    374491.43
      29.455     0.999998      5898331    436906.67
      29.519     0.999998      5898333    524288.00
      29.583     0.999998      5898334    582542.22
      29.599     0.999998      5898335    655360.00
      29.711     0.999999      5898337    748982.86
      29.743     0.999999      5898339    873813.33
      29.743     0.999999      5898339   1048576.00
      29.743     0.999999      5898339   1165084.44
      29.775     0.999999      5898340   1310720.00
      29.823     0.999999      5898341   1497965.71
      29.823     0.999999      5898341   1747626.67
      29.951     1.000000      5898342   2097152.00
      29.951     1.000000      5898342   2330168.89
      29.951     1.000000      5898342   2621440.00
      30.031     1.000000      5898343   2995931.43
      30.031     1.000000      5898343   3495253.33
      30.031     1.000000      5898343   4194304.00
      30.031     1.000000      5898343   4660337.78
      30.031     1.000000      5898343   5242880.00
      30.207     1.000000      5898344   5991862.86
      30.207     1.000000      5898344          inf
#[Mean    =        0.855, StdDeviation   =        0.641]
#[Max     =       30.192, Total count    =      5898344]
#[Buckets =           27, SubBuckets     =         2048]
----------------------------------------------------------
  5999229 requests in 10.00m, 686.56MB read
Requests/sec:   9998.70
Transfer/sec:      1.14MB
