Running 3m test @ http://localhost:8080
  3 threads and 99 connections
  Thread calibration: mean lat.: 1.743ms, rate sampling interval: 10ms
  Thread calibration: mean lat.: 1.769ms, rate sampling interval: 10ms
  Thread calibration: mean lat.: 1.767ms, rate sampling interval: 10ms
  Thread Stats   Avg      Stdev     Max   +/- Stdev
    Latency     2.05ms    5.43ms  91.39ms   97.44%
    Req/Sec     3.17k   765.60    11.33k    93.96%
  Latency Distribution (HdrHistogram - Recorded Latency)
 50.000%    1.19ms
 75.000%    1.66ms
 90.000%    2.16ms
 99.000%   36.06ms
 99.900%   58.56ms
 99.990%   83.65ms
 99.999%   90.24ms
100.000%   91.46ms

  Detailed Percentile spectrum:
       Value   Percentile   TotalCount 1/(1-Percentile)

       0.065     0.000000            2         1.00
       0.504     0.100000       153264         1.11
       0.695     0.200000       305932         1.25
       0.863     0.300000       458777         1.43
       1.026     0.400000       611845         1.67
       1.191     0.500000       764734         2.00
       1.277     0.550000       841083         2.22
       1.366     0.600000       917886         2.50
       1.458     0.650000       993878         2.86
       1.557     0.700000      1070390         3.33
       1.664     0.750000      1146906         4.00
       1.722     0.775000      1185112         4.44
       1.785     0.800000      1223343         5.00
       1.855     0.825000      1261361         5.71
       1.936     0.850000      1299468         6.67
       2.033     0.875000      1337558         8.00
       2.093     0.887500      1357045         8.89
       2.161     0.900000      1375694        10.00
       2.247     0.912500      1395061        11.43
       2.361     0.925000      1414023        13.33
       2.531     0.937500      1433099        16.00
       2.665     0.943750      1442620        17.78
       2.877     0.950000      1452148        20.00
       3.493     0.956250      1461652        22.86
       4.735     0.962500      1471206        26.67
       6.019     0.968750      1480763        32.00
       6.739     0.971875      1485528        35.56
       7.739     0.975000      1490317        40.00
      11.487     0.978125      1495079        45.71
      17.727     0.981250      1499855        53.33
      24.303     0.984375      1504639        64.00
      27.535     0.985938      1507020        71.11
      30.847     0.987500      1509419        80.00
      34.079     0.989062      1511800        91.43
      37.407     0.990625      1514197       106.67
      40.639     0.992188      1516588       128.00
      42.271     0.992969      1517782       142.22
      43.871     0.993750      1518972       160.00
      45.471     0.994531      1520175       182.86
      47.071     0.995313      1521352       213.33
      48.735     0.996094      1522544       256.00
      49.535     0.996484      1523143       284.44
      50.431     0.996875      1523746       320.00
      51.295     0.997266      1524343       365.71
      52.287     0.997656      1524938       426.67
      53.503     0.998047      1525537       512.00
      54.175     0.998242      1525832       568.89
      55.103     0.998437      1526130       640.00
      56.063     0.998633      1526439       731.43
      57.183     0.998828      1526724       853.33
      58.751     0.999023      1527025      1024.00
      59.775     0.999121      1527174      1137.78
      60.895     0.999219      1527320      1280.00
      62.239     0.999316      1527472      1462.86
      64.287     0.999414      1527620      1706.67
      66.431     0.999512      1527771      2048.00
      67.391     0.999561      1527848      2275.56
      68.735     0.999609      1527919      2560.00
      70.911     0.999658      1527994      2925.71
      73.663     0.999707      1528068      3413.33
      76.031     0.999756      1528142      4096.00
      77.375     0.999780      1528179      4551.11
      78.847     0.999805      1528217      5120.00
      80.191     0.999829      1528253      5851.43
      81.151     0.999854      1528293      6826.67
      82.559     0.999878      1528328      8192.00
      83.263     0.999890      1528348      9102.22
      83.839     0.999902      1528366     10240.00
      84.415     0.999915      1528385     11702.86
      85.055     0.999927      1528403     13653.33
      85.695     0.999939      1528421     16384.00
      86.015     0.999945      1528432     18204.44
      86.399     0.999951      1528441     20480.00
      86.783     0.999957      1528449     23405.71
      87.423     0.999963      1528459     27306.67
      87.807     0.999969      1528469     32768.00
      88.447     0.999973      1528473     36408.89
      88.895     0.999976      1528478     40960.00
      89.215     0.999979      1528482     46811.43
      89.599     0.999982      1528487     54613.33
      89.855     0.999985      1528493     65536.00
      89.919     0.999986      1528494     72817.78
      89.983     0.999988      1528496     81920.00
      90.239     0.999989      1528499     93622.86
      90.495     0.999991      1528501    109226.67
      90.623     0.999992      1528503    131072.00
      90.815     0.999993      1528506    145635.56
      90.815     0.999994      1528506    163840.00
      90.815     0.999995      1528506    187245.71
      91.007     0.999995      1528508    218453.33
      91.071     0.999996      1528509    262144.00
      91.071     0.999997      1528509    291271.11
      91.135     0.999997      1528510    327680.00
      91.135     0.999997      1528510    374491.43
      91.199     0.999998      1528511    436906.67
      91.263     0.999998      1528512    524288.00
      91.263     0.999998      1528512    582542.22
      91.263     0.999998      1528512    655360.00
      91.263     0.999999      1528512    748982.86
      91.327     0.999999      1528513    873813.33
      91.327     0.999999      1528513   1048576.00
      91.327     0.999999      1528513   1165084.44
      91.327     0.999999      1528513   1310720.00
      91.327     0.999999      1528513   1497965.71
      91.455     0.999999      1528514   1747626.67
      91.455     1.000000      1528514          inf
#[Mean    =        2.045, StdDeviation   =        5.432]
#[Max     =       91.392, Total count    =      1528514]
#[Buckets =           27, SubBuckets     =         2048]
----------------------------------------------------------
  1619315 requests in 3.00m, 155.97MB read
Requests/sec:   8996.14
Transfer/sec:      0.87MB
