Running 3m test @ http://localhost:8080
  3 threads and 99 connections
  Thread calibration: mean lat.: 1.495ms, rate sampling interval: 10ms
  Thread calibration: mean lat.: 1.532ms, rate sampling interval: 10ms
  Thread calibration: mean lat.: 1.561ms, rate sampling interval: 10ms
  Thread Stats   Avg      Stdev     Max   +/- Stdev
    Latency     1.54ms  814.22us  14.29ms   69.60%
    Req/Sec     3.16k   296.84     6.20k    76.01%
  Latency Distribution (HdrHistogram - Recorded Latency)
 50.000%    1.43ms
 75.000%    1.99ms
 90.000%    2.60ms
 99.000%    3.83ms
 99.900%    6.74ms
 99.990%    9.65ms
 99.999%   12.02ms
100.000%   14.30ms

  Detailed Percentile spectrum:
       Value   Percentile   TotalCount 1/(1-Percentile)

       0.096     0.000000            1         1.00
       0.609     0.100000       153252         1.11
       0.806     0.200000       305839         1.25
       1.021     0.300000       458909         1.43
       1.234     0.400000       611824         1.67
       1.432     0.500000       764334         2.00
       1.535     0.550000       841150         2.22
       1.637     0.600000       917754         2.50
       1.745     0.650000       993999         2.86
       1.861     0.700000      1070464         3.33
       1.990     0.750000      1146770         4.00
       2.065     0.775000      1185184         4.44
       2.143     0.800000      1222846         5.00
       2.235     0.825000      1261711         5.71
       2.335     0.850000      1299294         6.67
       2.455     0.875000      1337972         8.00
       2.523     0.887500      1356876         8.89
       2.599     0.900000      1376145        10.00
       2.681     0.912500      1394977        11.43
       2.775     0.925000      1413995        13.33
       2.887     0.937500      1433179        16.00
       2.951     0.943750      1442826        17.78
       3.021     0.950000      1452103        20.00
       3.103     0.956250      1461867        22.86
       3.195     0.962500      1471358        26.67
       3.299     0.968750      1480915        32.00
       3.355     0.971875      1485661        35.56
       3.415     0.975000      1490357        40.00
       3.483     0.978125      1495199        45.71
       3.557     0.981250      1499973        53.33
       3.643     0.984375      1504714        64.00
       3.689     0.985938      1507059        71.11
       3.739     0.987500      1509448        80.00
       3.793     0.989062      1511867        91.43
       3.857     0.990625      1514238       106.67
       3.925     0.992188      1516577       128.00
       3.963     0.992969      1517823       142.22
       3.999     0.993750      1518980       160.00
       4.041     0.994531      1520184       182.86
       4.087     0.995313      1521353       213.33
       4.143     0.996094      1522575       256.00
       4.179     0.996484      1523187       284.44
       4.219     0.996875      1523748       320.00
       4.279     0.997266      1524340       365.71
       4.407     0.997656      1524935       426.67
       4.891     0.998047      1525534       512.00
       5.211     0.998242      1525840       568.89
       5.487     0.998437      1526129       640.00
       5.863     0.998633      1526430       731.43
       6.283     0.998828      1526726       853.33
       6.827     0.999023      1527025      1024.00
       7.043     0.999121      1527176      1137.78
       7.307     0.999219      1527327      1280.00
       7.579     0.999316      1527476      1462.86
       7.831     0.999414      1527623      1706.67
       8.071     0.999512      1527771      2048.00
       8.191     0.999561      1527846      2275.56
       8.335     0.999609      1527921      2560.00
       8.487     0.999658      1527996      2925.71
       8.647     0.999707      1528073      3413.33
       8.775     0.999756      1528146      4096.00
       8.879     0.999780      1528186      4551.11
       8.991     0.999805      1528224      5120.00
       9.087     0.999829      1528258      5851.43
       9.263     0.999854      1528295      6826.67
       9.407     0.999878      1528331      8192.00
       9.559     0.999890      1528351      9102.22
       9.655     0.999902      1528368     10240.00
       9.791     0.999915      1528388     11702.86
       9.927     0.999927      1528406     13653.33
      10.111     0.999939      1528424     16384.00
      10.247     0.999945      1528434     18204.44
      10.399     0.999951      1528443     20480.00
      10.471     0.999957      1528452     23405.71
      10.599     0.999963      1528462     27306.67
      10.815     0.999969      1528471     32768.00
      10.983     0.999973      1528476     36408.89
      11.111     0.999976      1528480     40960.00
      11.135     0.999979      1528485     46811.43
      11.471     0.999982      1528490     54613.33
      11.527     0.999985      1528494     65536.00
      11.591     0.999986      1528497     72817.78
      11.599     0.999988      1528499     81920.00
      11.935     0.999989      1528501     93622.86
      12.087     0.999991      1528505    109226.67
      12.103     0.999992      1528506    131072.00
      12.119     0.999993      1528507    145635.56
      12.263     0.999994      1528508    163840.00
      12.495     0.999995      1528509    187245.71
      12.703     0.999995      1528511    218453.33
      12.727     0.999996      1528512    262144.00
      12.727     0.999997      1528512    291271.11
      12.775     0.999997      1528513    327680.00
      12.775     0.999997      1528513    374491.43
      13.263     0.999998      1528514    436906.67
      13.279     0.999998      1528515    524288.00
      13.279     0.999998      1528515    582542.22
      13.279     0.999998      1528515    655360.00
      13.279     0.999999      1528515    748982.86
      14.135     0.999999      1528516    873813.33
      14.135     0.999999      1528516   1048576.00
      14.135     0.999999      1528516   1165084.44
      14.135     0.999999      1528516   1310720.00
      14.135     0.999999      1528516   1497965.71
      14.295     0.999999      1528517   1747626.67
      14.295     1.000000      1528517          inf
#[Mean    =        1.538, StdDeviation   =        0.814]
#[Max     =       14.288, Total count    =      1528517]
#[Buckets =           27, SubBuckets     =         2048]
----------------------------------------------------------
  1619313 requests in 3.00m, 61.77MB read
Requests/sec:   8996.15
Transfer/sec:    351.41KB
