Running 4m test @ http://localhost:8080
  3 threads and 99 connections
  Thread calibration: mean lat.: 0.766ms, rate sampling interval: 10ms
  Thread calibration: mean lat.: 0.761ms, rate sampling interval: 10ms
  Thread calibration: mean lat.: 0.789ms, rate sampling interval: 10ms
  Thread Stats   Avg      Stdev     Max   +/- Stdev
    Latency   767.85us  386.73us   3.20ms   62.06%
    Req/Sec     3.44k   226.77     5.00k    71.04%
  Latency Distribution (HdrHistogram - Recorded Latency)
 50.000%  769.00us
 75.000%    1.07ms
 90.000%    1.26ms
 99.000%    1.70ms
 99.900%    2.07ms
 99.990%    2.35ms
 99.999%    2.75ms
100.000%    3.20ms

  Detailed Percentile spectrum:
       Value   Percentile   TotalCount 1/(1-Percentile)

       0.026     0.000000            2         1.00
       0.244     0.100000       201049         1.11
       0.380     0.200000       400872         1.25
       0.513     0.300000       601026         1.43
       0.641     0.400000       800715         1.67
       0.769     0.500000      1000587         2.00
       0.831     0.550000      1100007         2.22
       0.892     0.600000      1200491         2.50
       0.951     0.650000      1300405         2.86
       1.009     0.700000      1399142         3.33
       1.068     0.750000      1499123         4.00
       1.098     0.775000      1549206         4.44
       1.129     0.800000      1599841         5.00
       1.160     0.825000      1648741         5.71
       1.193     0.850000      1700011         6.67
       1.226     0.875000      1749268         8.00
       1.244     0.887500      1774873         8.89
       1.262     0.900000      1799385        10.00
       1.281     0.912500      1823745        11.43
       1.302     0.925000      1848507        13.33
       1.327     0.937500      1874418        16.00
       1.340     0.943750      1886422        17.78
       1.355     0.950000      1898676        20.00
       1.372     0.956250      1910951        22.86
       1.394     0.962500      1923737        26.67
       1.422     0.968750      1935902        32.00
       1.442     0.971875      1942155        35.56
       1.468     0.975000      1948542        40.00
       1.499     0.978125      1954634        45.71
       1.539     0.981250      1960929        53.33
       1.587     0.984375      1967168        64.00
       1.615     0.985938      1970318        71.11
       1.645     0.987500      1973375        80.00
       1.677     0.989062      1976484        91.43
       1.714     0.990625      1979630       106.67
       1.754     0.992188      1982771       128.00
       1.776     0.992969      1984319       142.22
       1.800     0.993750      1985869       160.00
       1.826     0.994531      1987412       182.86
       1.856     0.995313      1988976       213.33
       1.887     0.996094      1990531       256.00
       1.906     0.996484      1991325       284.44
       1.925     0.996875      1992118       320.00
       1.945     0.997266      1992875       365.71
       1.967     0.997656      1993654       426.67
       1.992     0.998047      1994442       512.00
       2.005     0.998242      1994820       568.89
       2.021     0.998437      1995224       640.00
       2.038     0.998633      1995605       731.43
       2.055     0.998828      1996005       853.33
       2.075     0.999023      1996419      1024.00
       2.087     0.999121      1996590      1137.78
       2.099     0.999219      1996788      1280.00
       2.115     0.999316      1996974      1462.86
       2.133     0.999414      1997172      1706.67
       2.153     0.999512      1997367      2048.00
       2.165     0.999561      1997473      2275.56
       2.173     0.999609      1997556      2560.00
       2.189     0.999658      1997655      2925.71
       2.207     0.999707      1997750      3413.33
       2.231     0.999756      1997848      4096.00
       2.241     0.999780      1997893      4551.11
       2.259     0.999805      1997946      5120.00
       2.277     0.999829      1997992      5851.43
       2.297     0.999854      1998040      6826.67
       2.319     0.999878      1998090      8192.00
       2.333     0.999890      1998113      9102.22
       2.351     0.999902      1998142     10240.00
       2.373     0.999915      1998164     11702.86
       2.397     0.999927      1998186     13653.33
       2.429     0.999939      1998211     16384.00
       2.453     0.999945      1998223     18204.44
       2.477     0.999951      1998237     20480.00
       2.489     0.999957      1998247     23405.71
       2.513     0.999963      1998259     27306.67
       2.553     0.999969      1998274     32768.00
       2.561     0.999973      1998278     36408.89
       2.587     0.999976      1998284     40960.00
       2.623     0.999979      1998290     46811.43
       2.659     0.999982      1998296     54613.33
       2.697     0.999985      1998302     65536.00
       2.709     0.999986      1998305     72817.78
       2.715     0.999988      1998308     81920.00
       2.729     0.999989      1998311     93622.86
       2.787     0.999991      1998314    109226.67
       2.809     0.999992      1998317    131072.00
       2.921     0.999993      1998319    145635.56
       2.937     0.999994      1998320    163840.00
       2.965     0.999995      1998322    187245.71
       2.987     0.999995      1998323    218453.33
       3.051     0.999996      1998325    262144.00
       3.091     0.999997      1998326    291271.11
       3.091     0.999997      1998326    327680.00
       3.107     0.999997      1998327    374491.43
       3.117     0.999998      1998328    436906.67
       3.131     0.999998      1998329    524288.00
       3.131     0.999998      1998329    582542.22
       3.131     0.999998      1998329    655360.00
       3.133     0.999999      1998330    748982.86
       3.133     0.999999      1998330    873813.33
       3.193     0.999999      1998331   1048576.00
       3.193     0.999999      1998331   1165084.44
       3.193     0.999999      1998331   1310720.00
       3.193     0.999999      1998331   1497965.71
       3.193     0.999999      1998331   1747626.67
       3.199     1.000000      1998332   2097152.00
       3.199     1.000000      1998332          inf
#[Mean    =        0.768, StdDeviation   =        0.387]
#[Max     =        3.198, Total count    =      1998332]
#[Buckets =           27, SubBuckets     =         2048]
----------------------------------------------------------
  2099232 requests in 3.50m, 154.15MB read
Requests/sec:   9996.33
Transfer/sec:    751.68KB
