Running 3m test @ http://localhost:8080
  3 threads and 99 connections
  Thread calibration: mean lat.: 1.670ms, rate sampling interval: 10ms
  Thread calibration: mean lat.: 1.641ms, rate sampling interval: 10ms
  Thread calibration: mean lat.: 2.768ms, rate sampling interval: 10ms
  Thread Stats   Avg      Stdev     Max   +/- Stdev
    Latency     1.98ms    1.15ms  13.49ms   69.30%
    Req/Sec     3.16k   324.46     5.80k    75.87%
  Latency Distribution (HdrHistogram - Recorded Latency)
 50.000%    1.72ms
 75.000%    2.63ms
 90.000%    3.69ms
 99.000%    5.19ms
 99.900%    6.40ms
 99.990%    8.27ms
 99.999%   11.48ms
100.000%   13.49ms

  Detailed Percentile spectrum:
       Value   Percentile   TotalCount 1/(1-Percentile)

       0.094     0.000000            2         1.00
       0.708     0.100000       153048         1.11
       0.991     0.200000       306008         1.25
       1.228     0.300000       458859         1.43
       1.468     0.400000       611724         1.67
       1.720     0.500000       764449         2.00
       1.860     0.550000       840694         2.22
       2.017     0.600000       917182         2.50
       2.197     0.650000       993573         2.86
       2.401     0.700000      1070491         3.33
       2.635     0.750000      1146438         4.00
       2.771     0.775000      1184999         4.44
       2.919     0.800000      1222945         5.00
       3.085     0.825000      1261454         5.71
       3.267     0.850000      1299416         6.67
       3.469     0.875000      1337487         8.00
       3.579     0.887500      1356765         8.89
       3.693     0.900000      1375914        10.00
       3.811     0.912500      1394963        11.43
       3.941     0.925000      1414059        13.33
       4.085     0.937500      1433249        16.00
       4.163     0.943750      1442859        17.78
       4.243     0.950000      1452133        20.00
       4.335     0.956250      1461817        22.86
       4.435     0.962500      1471390        26.67
       4.547     0.968750      1480752        32.00
       4.611     0.971875      1485621        35.56
       4.679     0.975000      1490423        40.00
       4.755     0.978125      1495134        45.71
       4.839     0.981250      1499859        53.33
       4.943     0.984375      1504722        64.00
       5.003     0.985938      1507167        71.11
       5.067     0.987500      1509506        80.00
       5.139     0.989062      1511831        91.43
       5.223     0.990625      1514218       106.67
       5.319     0.992188      1516593       128.00
       5.375     0.992969      1517805       142.22
       5.435     0.993750      1518990       160.00
       5.507     0.994531      1520211       182.86
       5.587     0.995313      1521362       213.33
       5.683     0.996094      1522546       256.00
       5.739     0.996484      1523158       284.44
       5.803     0.996875      1523770       320.00
       5.871     0.997266      1524346       365.71
       5.947     0.997656      1524936       426.67
       6.039     0.998047      1525534       512.00
       6.099     0.998242      1525836       568.89
       6.163     0.998437      1526132       640.00
       6.235     0.998633      1526435       731.43
       6.311     0.998828      1526729       853.33
       6.415     0.999023      1527035      1024.00
       6.459     0.999121      1527173      1137.78
       6.523     0.999219      1527329      1280.00
       6.599     0.999316      1527470      1462.86
       6.691     0.999414      1527621      1706.67
       6.783     0.999512      1527772      2048.00
       6.847     0.999561      1527846      2275.56
       6.935     0.999609      1527917      2560.00
       7.039     0.999658      1527996      2925.71
       7.159     0.999707      1528067      3413.33
       7.287     0.999756      1528141      4096.00
       7.363     0.999780      1528180      4551.11
       7.471     0.999805      1528216      5120.00
       7.587     0.999829      1528254      5851.43
       7.759     0.999854      1528291      6826.67
       8.007     0.999878      1528329      8192.00
       8.115     0.999890      1528347      9102.22
       8.311     0.999902      1528365     10240.00
       8.551     0.999915      1528384     11702.86
       8.711     0.999927      1528403     13653.33
       9.079     0.999939      1528421     16384.00
       9.271     0.999945      1528431     18204.44
       9.439     0.999951      1528440     20480.00
       9.687     0.999957      1528449     23405.71
      10.063     0.999963      1528459     27306.67
      10.527     0.999969      1528468     32768.00
      10.703     0.999973      1528473     36408.89
      10.807     0.999976      1528477     40960.00
      10.975     0.999979      1528482     46811.43
      11.247     0.999982      1528487     54613.33
      11.343     0.999985      1528491     65536.00
      11.383     0.999986      1528494     72817.78
      11.455     0.999988      1528496     81920.00
      11.479     0.999989      1528499     93622.86
      11.535     0.999991      1528503    109226.67
      11.535     0.999992      1528503    131072.00
      11.543     0.999993      1528504    145635.56
      11.783     0.999994      1528505    163840.00
      11.863     0.999995      1528506    187245.71
      12.055     0.999995      1528508    218453.33
      12.735     0.999996      1528509    262144.00
      12.735     0.999997      1528509    291271.11
      12.959     0.999997      1528510    327680.00
      12.959     0.999997      1528510    374491.43
      13.199     0.999998      1528511    436906.67
      13.279     0.999998      1528512    524288.00
      13.279     0.999998      1528512    582542.22
      13.279     0.999998      1528512    655360.00
      13.279     0.999999      1528512    748982.86
      13.311     0.999999      1528513    873813.33
      13.311     0.999999      1528513   1048576.00
      13.311     0.999999      1528513   1165084.44
      13.311     0.999999      1528513   1310720.00
      13.311     0.999999      1528513   1497965.71
      13.495     0.999999      1528514   1747626.67
      13.495     1.000000      1528514          inf
#[Mean    =        1.979, StdDeviation   =        1.152]
#[Max     =       13.488, Total count    =      1528514]
#[Buckets =           27, SubBuckets     =         2048]
----------------------------------------------------------
  1616538 requests in 3.00m, 61.67MB read
Requests/sec:   8980.74
Transfer/sec:    350.81KB
